0
1144
1137
0
0
0
0
0
0
0
0
0
0
0
0
0
1093
0
0
0
1084
0
0
0
0
0
0
802
0
1107
0
729
437
442
436
421
421
441
497
449
490
413
513
574
0
532
595
595
559
0
625
608
583
618
579
550
602
372
0
0
0
0
503
475
458
453
474
455
483
463
475
469
478
460
456
466
451
438
434
375
324
291
278
273
264
261
257
252
250
251
251
247
247
256
311
0
520
0
0
0
0
0
0
0
0
0
0
0
0
0
0
0
0
0
0
0
0
0
0
0
0
0
0
0
0
0
0
0
0
541
472
455
456
458
448
418
461
441
441
437
437
425
427
438
422
425
334
302
0
265
281
295
318
317
328
326
324
326
330
342
340
346
341
340
350
345
341
348
334
324
300
274
259
240
231
227
219
219
215
213
217
213
218
217
219
217
216
216
216
215
209
208
204
202
201
200
200
199
197
198
197
198
195
196
196
196
200
200
211
226
248
259
275
338
390
409
426
457
494
0
0
0
0
0
0
0
0
0
0
0
0
0
0
0
0
0
0
0
0
0
0
0
0
0
0
0
0
0
0
0
0
0
0
0
0
0
0
0
0
0
0
0
0
0
0
0
0
0
0
0
0
0
0
0
0
0
435
0
0
0
0
0
0
0
427
0
0
0
0
0
0
0
0
0
0
0
0
0
0
0
0
0
0
0
0
0
0
0
0
0
0
0
0
0
0
0
0
0
0
0
0
0
0
230
181
0
0
0
0
0
0
0
0
0
0
0
0
0
0
0
0
0
0
0
0
0
0
0
0
0
0
0
0
0
0
0
0
0
0
0
0
0
0
0
0
0
0
0
0
0
0
0
0
0
0
0
0
0
0
0
0
0
0
0
0
0
0
0
0
0
0
0
0
0
0
0
0
0
0
0
179
332
344
340
340
343
345
353
352
350
350
361
348
346
335
323
184
0
0
0
0
0
0
0
0
0
0
0
0
0
0
0
0
0
0
0
0
0
0
180
202
204
0
0
0
0
0
0
0
0
181
185
0
0
0
0
178
0
0
0
0
0
0
0
0
0
0
0
0
181
0
0
188
179
179
0
0
0
0
179
0
0
0
0
0
0
0
0
0
182
0
0
207
446
0
0
0
0
0
0
0
0
0
0
0
0
0
